あさしも: 344,425
しむしゅ: 376,517
うづき: 165,309
ふみづき: 29,257
じんつう: 55,159,223
あたご: 67,270
えとろふ: 383,524
たかお: 66,269
はぐろ: 65,194,268
うみかぜ: 350,458
くま: 99,215
ゆうだち: 45,144,245
たま: 100,216
しきなみ: 14,208
りゅうじょう: 76,157,281
やましろ: 27,287,412
はるな: 79,151,211
くなしり: 377,518
もがみ: 70,73
あさかぜ: 370,472
はまかぜ: 170,312
たいよう: 380,521,526,529
かげろう: 17,225
みなづき: 366,481
あらしお: 98,251,490
なち: 63,192,266
さざなみ: 94,232
あかし: 182,187
ねのひ: 39,239
やはぎ: 139,307
あきつしま: 445,450
ふそう: 26,286,411
さつき: 28,256,418
くろしお: 19,227
はつゆき: 32,203
あきづき: 330,421
グラーフ・ツェッペリン: 353,432
かが: 84,278
おきなみ: 359,452
マックス・シュルツ: 175,180,311
ながつき: 6,258
かすみ: 49,253,464,470
いかづち: 36,236
みょうこう: 62,265,319
ふるたか: 59,262,416
ながら: 21,218
あさぐも: 327,413
まるゆ: 163,402
い19: 191,401
ひりゅう: 91,196,280
ずいほう: 116,117
すずや: 124,129,503,508
あきぐも: 132,301
ときつかぜ: 186,322
てんりゅう: 51,213
きくづき: 30,259
ゆきかぜ: 20,228
かとり: 154,343
おおしお: 96,199,249
リベッチオ: 347,443
のわき: 329,415
はやしも: 324,409
おぼろ: 93,230
あまぎ: 331,429
おおい: 24,57,118
むらさめ: 44,244
きたかみ: 25,58,119
まいかぜ: 122,294
はつかぜ: 190,300
いそなみ: 12,206
きさらぎ: 2,255,435
かしま: 356,465
ゆら: 23,220
い168: 126,398
むらくも: 33,205,420
うらなみ: 368,486
はるさめ: 323,405
アイオワ: 360,440
あけぼの: 15,231
みずほ: 348,451
あかぎ: 83,277
きぬがさ: 123,142,295
はつしも: 41,241,419
きそ: 101,146,217
おおよど: 183,321
とね: 71,188,273
あぶくま: 114,200,290
たいほう: 153,156
いせ: 77,82
たつた: 52,214
しまかぜ: 50,229
せんだい: 54,158,222
あしがら: 64,193,267
あられ: 48,252
ビスマルク: 171,172,173,178
あまつかぜ: 181,316
あさしお: 95,248,463,468
はつづき: 357,423
みくま: 120,121
リットリオ・イタリア: 441,446
い13: 374,494
ガングート: 511,512,513
あらし: 354,454
ながなみ: 135,304
わかば: 40,240
もちづき: 31,261
かもい: 162,499,500
じゅんよう: 92,284,408
しらぬい: 18,226
プリンツ・オイゲン: 176,177
ザラ: 358,448,496
やよい: 164,308
しょうかく: 110,288,461,466
ウォースパイト: 364,439
きよしも: 325,410
ちよだ: 103,105,107,109,292,297
すずかぜ: 47,247
かざぐも: 349,453
のしろ: 138,306
あやなみ: 13,195,207
い401: 155,403
うしお: 16,233,407
やまと: 131,136
ほうしょう: 89,285
ゆうばり: 115,293
かみかぜ: 471,476
ちょうかい: 69,272,427
さかわ: 140,314
ゆうぐも: 133,302
あがの: 137,305
そうりゅう: 90,197,279
い58: 127,399
たかなみ: 345,424
なとり: 53,221
サラトガ: 433,438
ひゅうが: 87,88
いすず: 22,141,219
やまぐも: 328,414
みゆき: 11,204
しぐれ: 43,145,243
はるかぜ: 363,473
ひえい: 86,150,210
まや: 68,271,428
むさし: 143,148
こんごう: 78,149,209
くまの: 125,130,504,509
ゆー511・ろ500: 334,431,436
コマンダン・テスト: 372,491
ひびき: 35,147,235
ながと: 80,275,541
ちとせ: 102,104,106,108,291,296
ずいかく: 111,112,462,467
しらゆき: 10,202
てるづき: 346,422
うらかぜ: 168,317
まつかぜ: 371,474
むつ: 81,276
あかつき: 34,234,437
かこ: 60,263,417
まきぐも: 134,303
しょうほう: 74,282
あきつまる: 161,166
しらつゆ: 42,242
みちしお: 97,250
きぬ: 113,289,487
あおば: 61,264
ちくま: 72,189,274
きりしま: 85,152,212
なか: 56,160,224
たいげい・りゅうほう: 184,185,318
たにかぜ: 169,313
ローマ: 442,447
やまかぜ: 369,457
むつき: 1,254,434
かわかぜ: 351,459,469
おやしお: 362,456
い14: 375,495
アクィラ: 365,444
みかづき: 7,260
レーベレヒト・マース: 174,179,310
い26: 367,483
ふぶき: 9,201,426
はつはる: 38,238,326
うんりゅう: 404,406
いそかぜ: 167,320
はやすい: 352,460
ひよう: 75,283
さみだれ: 46,246
ポーラ: 361,449
ふじなみ: 373,485
い8: 128,400
かつらぎ: 332,430
はぎかぜ: 355,455
いなづま: 37,237
